325.77 363.075 1
795.483 311.764 1
896 75.7695 1
896 78.4127 1
780.935 300.619 1
694.35 204.304 1
756.53 306.351 1
490.037 24.0811 1
1004.24 330.814 1
884.883 48.6768 1
749.536 308.163 1
1080.66 436.959 1
678.353 285.778 1
868.711 39.3167 1
1080.23 385.91 1
674.512 216.923 1
1278.36 387.542 1
1079.54 372.199 1
671.654 228.15 1
674.706 235.397 1
1277.79 392.717 1
700.972 277.978 1
1269.05 388.327 1
703.047 483.877 1
1079.12 357.919 1
29.3903 197.465 1
249.645 16.6106 1
695.462 480.515 1
391.367 275.8 1
1260.6 393.479 1
339.495 192.731 1
768 21.7384 1
723.736 19.2259 1
336.913 190.485 1
696.051 482.177 1
1079.47 345.621 1
337.035 201.139 1
696.652 483.835 1
332.4 198.545 1
329.347 190.061 1
330.249 193.749 1
330.904 196.517 1
328.785 200.605 1
329.437 203.379 1
385.52 309.461 1
647.143 490.621 1
279.769 350.601 1
379.439 309.448 1
384.502 320.717 1
381.991 321.523 1
1090.69 344.487 1
817.678 304.214 1
1251.55 386.933 1
301.534 384.202 1
389.944 364.61 1
1047.04 13.7699 1
414.547 419.265 1
297.423 374.175 1
420.449 433.102 1
416.985 429.788 1
362.633 341.61 1
365.64 346.691 1
794.446 84.4545 1
367.138 349.237 1
236.689 276.561 1
1277.04 428.535 1
344.218 314.707 1
648.29 485.45 1
991.829 36.2739 1
984.417 45.6856 1
310.328 383.911 1
365.172 354.191 1
903.736 46.5279 1
356.173 340.509 1
310.416 380.511 1
325.664 297.285 1
976.328 67.2296 1
310.047 374.515 1
818.897 285.368 1
326.291 303.043 1
405.154 442.103 1
658.736 486.013 1
690.412 486.276 1
976.502 71.9971 1
1259.11 465.949 1
310.635 363.676 1
310.411 293.162 1
670.951 494.81 1
1104.55 325.424 1
317.367 374.698 1
678.552 481.356 1
909.345 68.965 1
1102.59 311.7 1
303.518 292.535 1
913.63 73.3949 1
970.967 90.9958 1
342.47 361.304 1
349.337 373.675 1
1101.56 299.844 1
681.666 485.408 1
825.74 279.385 1
299.574 292.214 1
924.392 92.8399 1
673.26 488.657 1
382.928 439.921 1
300.211 336.637 1
334.599 360.624 1
265.411 274.593 1
677.136 484.063 1
898.435 76.16 1
265.914 266.937 1
680.689 492.371 1
945.524 91.305 1
900.795 77.4446 1
676.564 487.554 1
827.238 270.304 1
279.117 320.5 1
1096.89 319.208 1
669.386 243.443 1
682.124 489.672 1
649.999 490.57 1
1256.41 387.596 1
405.482 434.951 1
1103.27 290.387 1
405.301 433.17 1
1079.12 362.91 1
1078.62 367.021 1
338.446 203.174 1
1079.58 320.034 1
374.005 329.582 1
710.256 512.027 1
945.486 36.3351 1
896 47.5416 1
939.552 92.2912 1
896 76.2878 1
362.796 341.276 1
419.368 433.643 1
781.734 300.572 1
647.141 489.983 1
886.858 49.5614 1
300.624 336.339 1
940.969 72.3202 1
867.178 38.9199 1
648.68 485.646 1
674.736 235.681 1
658.338 486.451 1
671.581 495.439 1
976.299 73.1073 1
768 21.8251 1
310.39 373.306 1
720.173 19.5642 1
923.007 68.4108 1
976.06 67.1219 1
934.525 91.9849 1
788.965 57.1081 1
674.4 218.064 1
382.11 322.127 1
916.266 68.3466 1
265.954 266.737 1
379.55 309.997 1
328.1 202.9 1
673.324 486.713 1
385.907 310.009 1
329.927 199.852 1
236.738 276.609 1
909.51 68.348 1
817.879 304.582 1
929.09 92.8453 1
958.086 59.4194 1
945.088 91.5258 1
329.379 197.534 1
914.84 73.9148 1
300.992 383.525 1
756.733 306.717 1
330.999 193.354 1
924.052 92.6325 1
342.43 359.982 1
336.569 201.002 1
905.549 47.344 1
697.898 483.24 1
702.526 483.727 1
344.853 315.918 1
950.084 91.9252 1
348.585 373.188 1
915.58 46.1324 1
337.369 192.25 1
951.866 75.2085 1
248.312 17.231 1
930.698 45.6086 1
955.702 91.2569 1
972.07 90.6608 1
899.033 76.7805 1
288.243 16.4982 1
818.853 286.066 1
960.648 91.7482 1
1277.92 393.554 1
961.478 45.2465 1
954.306 71.8949 1
678.389 285.445 1
986.289 45.9935 1
920.734 36.1606 1
324.831 297.297 1
748.59 307.952 1
993.787 35.2311 1
966.329 91.1783 1
489.698 23.8085 1
907.972 37.3686 1
961.747 67.1665 1
1097.33 319.838 1
979.029 35.6601 1
417.609 429.286 1
299.513 293.767 1
407.634 18.5632 1
303.228 294.067 1
405.129 442.366 1
671.599 227.541 1
947.475 67.4841 1
317.727 374.33 1
365.941 346.587 1
678.381 492.798 1
809.784 302.933 1
279.142 365.584 1
950.338 45.9924 1
310.164 383.937 1
1258.19 465.691 1
1261 393.284 1
407.769 458.898 1
326.086 335.713 1
946.818 88.1768 1
955.869 49.5846 1
927.788 72.9953 1
956.985 64.5457 1
673.79 488.839 1
955.061 66.7414 1
1278.12 303.519 1
812.527 282.09 1
896 77.9667 1
899.8 77.1982 1
890.365 50.6886 1
325.498 297.718 1
928.664 90.9525 1
647.711 486.862 1
403.723 442.222 1
884.248 48.4996 1
915.328 75.7368 1
971.802 90.8733 1
866.771 38.654 1
656.511 486.638 1
922.188 90.7059 1
358.06 338.093 1
409.239 458.737 1
675.773 218.068 1
782.534 22.9757 1
919.799 73.6731 1
756.177 306.651 1
674.017 485.703 1
362.018 342.169 1
345.824 315.676 1
418.739 434.274 1
348.011 373.266 1
265.403 265.533 1
908.941 67.323 1
300.139 335.944 1
384.8 310.419 1
328.054 203.1 1
330.698 200.723 1
818.25 304.765 1
310.511 385.302 1
332.084 192.55 1
335.397 200.131 1
818.757 285.283 1
337.28 193.468 1
703.559 483.989 1
297.716 373.831 1
302.831 384.074 1
1277.38 392.699 1
976.025 73.9438 1
995.276 34.9867 1
983.96 46.189 1
972.045 45.4961 1
975.689 66.407 1
497.466 22.9757 1
979.003 63.7044 1
310.33 390.704 1
264.61 274.946 1
1079.95 436.9 1
896 48.7292 1
1080.05 385.534 1
678.455 481.268 1
674.583 473.345 1
782.148 300.198 1
1102.67 381.579 1
809.621 302.807 1
310.008 373.132 1
670.403 495.436 1
298.275 293.75 1
309.941 293.442 1
411.318 417.869 1
968.478 73.2303 1
1102.09 299.984 1
383.153 439.833 1
417.407 430.132 1
1102.63 312.447 1
341.811 359.426 1
695.59 483.642 1
345.707 363.714 1
1257.95 466.36 1
337.647 203.345 1
678.161 493.532 1
237.221 276.553 1
405.256 432.277 1
408.184 420.852 1
442.113 572.905 1
325.942 334.53 1
328.235 190.513 1
670.821 242.661 1
238.174 277.355 1
896 47.5762 1
971.659 90.12 1
896 77.5316 1
298.388 374.341 1
411.199 458.603 1
888.783 50.0605 1
907.004 66.7705 1
877.439 38.4708 1
980.584 34.3194 1
335.303 192.849 1
264.916 275.432 1
900.846 76.5612 1
702.041 483.147 1
325.191 298.043 1
348.36 371.902 1
973.935 46.9197 1
332.606 199.468 1
655.357 486.995 1
756.026 307.181 1
674.512 216.923 1
977.287 63.9995 1
648.29 485.45 1
928.688 92.1161 1
417.624 435.108 1
340.494 357.787 1
330.99 295.513 1
345.748 315.593 1
920.75 74.7996 1
417.429 440.475 1
382.996 321.526 1
263.932 266.902 1
385.012 311.861 1
308.843 384.539 1
363.123 340.801 1
985.328 49.5133 1
325.431 334.981 1
1101.02 299.029 1
1102.46 380.965 1
303.93 385.46 1
668.09 232.43 1
778.952 302.228 1
403.616 443.062 1
1256.94 464.717 1
411.502 419.458 1
359.12 337.347 1
300.621 334.303 1
696.652 483.835 1
857.068 36.7198 1
404.695 432.303 1
1106.84 426.953 1
1102.15 394.743 1
670.527 226.632 1
319.82 374.17 1
388.959 374.848 1
294.648 363.674 1
309.648 389.812 1
1007.89 26.2465 1
345.427 363.215 1
673.042 484.368 1
749.03 308.996 1
309.427 293.067 1
1096.89 319.208 1
304.524 294.274 1
816.688 304.132 1
430.181 551.998 1
818.4 284.488 1
332.59 200.301 1
896 77.3934 1
673.978 473.632 1
886.858 49.5614 1
858.851 36.1857 1
304.573 386.271 1
1097.99 320.895 1
345.496 371.892 1
324.204 334.51 1
1256.82 464.916 1
922.251 89.7469 1
752.979 306.799 1
237.358 279.768 1
309.455 387.052 1
380.189 311.004 1
408.952 456.624 1
333.744 193.824 1
298.781 374.64 1
980.074 60.9328 1
675.812 482.201 1
777.997 302.567 1
977.128 57.146 1
673.324 486.713 1
382.737 319.083 1
975.32 77.1981 1
704.214 483.496 1
971.807 87.6159 1
263.459 277.369 1
992.095 33.3725 1
418.429 435.958 1
973.246 47.5347 1
307.382 369.688 1
453.541 134.218 1
346.113 315.99 1
410.882 420.784 1
1097.01 394.038 1
298.299 295.749 1
964.259 90.3506 1
330.291 294.911 1
403.409 445.79 1
1103.14 396.893 1
933.149 36.1857 1
816.365 281.646 1
264.71 266.713 1
746.702 309.041 1
404.776 432.299 1
345.523 363.387 1
300.544 334.36 1
295.273 363.554 1
1101.05 379.344 1
359.019 336.988 1
905.549 47.344 1
334.73 199.838 1
896 76.1219 1
649.04 488.874 1
674.774 482.171 1
703.514 481.907 1
676.45 286.785 1
307.978 387.144 1
300.555 372.351 1
295.999 363.573 1
262.341 279.794 1
299.692 331.089 1
344.41 372.289 1
409.95 454.798 1
331.771 295.617 1
410.109 420.605 1
896 50.748 1
333.441 193.937 1
1106.14 424.743 1
1100.93 396.003 1
922.589 90.4346 1
955.697 91.0505 1
1254.32 463.576 1
974.643 76.289 1
907.758 49.1088 1
747.23 309.382 1
777.555 301.214 1
323.538 330.589 1
348.594 317.029 1
452.573 559.427 1
346.018 364.271 1
322.621 304.887 1
1098.15 379.143 1
471.133 551.833 1
673.619 476.712 1
306.746 298.088 1
298.814 294.803 1
262.35 263.454 1
1107.66 374.619 1
402.147 429.549 1
419.177 434.275 1
380.765 312.816 1
1272.05 478.748 1
750.042 307.329 1
648.29 485.45 1
1252.44 464.011 1
1270.15 477.158 1
697.388 482.013 1
965.013 87.455 1
306.787 387.64 1
295.602 365.498 1
303.254 373.466 1
777.95 300.56 1
261.945 280.465 1
1098.09 397.776 1
342.443 371.451 1
344.441 361.456 1
1107.03 423.406 1
813.475 282.377 1
896 77.5316 1
409.776 456.924 1
330.99 295.513 1
410.537 421.292 1
921.977 86.4631 1
674.283 477.358 1
381.979 313.462 1
307.558 299.472 1
454.099 134.018 1
240.147 284.035 1
1098.57 377.139 1
353.857 319.216 1
939.019 87.1941 1
973.96 76.9812 1
261.958 260.012 1
389.949 373.126 1
